LogReg:
Accuracy: 0.7859327217125383
Precision:  0.7837837837837838
Recall: 0.6541353383458647

MLP:
Accuracy: 0.8012232415902141
Precision:  0.8090909090909091
Recall: 0.6691729323308271

DT:
Accuracy: 0.8195718654434251
Precision:  0.7936507936507936
Recall: 0.7518796992481203